x = [3, 3.05, 3.1]
y = [0.384848784009181, 0.391683955017082, 0.369412579839564]
f1p3 = (-y(3)+4*y(2)-3*y(1))/(2*.05)

